SEND_WINDOW = 10

Tiempo
Size	1			2			3			4			5
1		187.687		211.976		234.428		218.981		179.927
5		574.512		700.067		536.195		648.47		537.05
10		1182.156	1017.734	1029.751	1054.605	1073.581
50		15249.284	5145.138	26601.368	17277.724	17352.528
100		57519.621	32822.179	28236.531	43726.611	42326.128

Retransmiciones
Size	1	2	3	4	5
1		0	0	0	0	1
5		5	2	3	5	4
10		4	5	2	4	2
50		15	0	27	17	17		1 timeout
100		54	26	28	32	13

-----------------------------------------

SEND_WINDOW = 1

Tiempo
Size	1			2			3			4			5
50		5084.661	5144.588	5132.451	5124.984	5076.258

Retransmiciones
Size	1	2	3	4	5
50		0	0	0	0	0		1 timeout

-----------------------------------------

SEND_WINDOW = 5

Tiempo
Size	1			2			3			4			5
50		13052.104	13258.144	13599.711	11086.52	8099.174

Retransmiciones
Size	1	2	3	4	5
50		30	33	23	28	16

-----------------------------------------

SEND_WINDOW = 20

Tiempo
Size	1			2			3			4			5
50		5107.413	5098.911	5132.062	5091.961	5209.439

Retransmiciones
Size	1	2	3	4	5
50		0	0	0	0	0		3 timeout

-----------------------------------------

SEND_WINDOW = 50

Tiempo
Size	1			2			3			4			5
50		5077.768	5094.807	6176.381	5132.167	8050.252

Retransmiciones
Size	1	2	3	4	5
50		1	11	11	0	1

-----------------------------------------

SEND_WINDOW = 100

Tiempo
Size	1			2			3			4			5
50		18154.925	17771.039	17230.782	16062.515	5209.926

Retransmiciones
Size	1	2	3	4	5
50		4	3	4	12	3


#########################################

Promedios

1kb-10-5.csv 	206.5998
5kb-10-5.csv 	599.2588
10kb-10-5.csv 	1071.5654
50kb-10-5.csv 	16325.2084
100kb-10-5.csv 	40726.414

SW1-50kb-1-5.csv 	5112.5884
SW5-50kb-1-5.csv 	11819.1306
SW10-50kb-10-5.csv 	16325.2084
SW20-50kb-1-5.csv 	5127.9572
SW50-50kb-1-5.csv 	5906.275
SW100-50kb-1-5.csv 	14885.8374
